# time, state0, state1, state2, state3, state4, control0, control1, 
0.000000000000000000e+00,6.371000000000000000e+06,0.000000000000000000e+00,-4.906329613218952892e-19,-3.599546279621537617e-18,1.000000000000000000e+05,1.313979902192340698e+06,6.526388739607057068e+05
2.486805856878561372e+00,6.371012223674420267e+06,2.383824652415938501e-06,1.038749771596893012e+01,1.082876648542133324e+01,9.906849996085060411e+04,1.438012075494829100e+06,3.075393012723958818e+05
8.308990885281957617e+00,6.371154881309003569e+06,2.055255956477645119e-05,3.856548229768512215e+01,3.024601583889117151e+01,9.688604736237003817e+04,1.413156460349869449e+06,4.050416459754101234e+05
1.738191100542593404e+01,6.371699911062641069e+06,9.388518463823800758e-05,8.192190920133805321e+01,7.384795098177495731e+01,9.348515518183755921e+04,1.390674593455524649e+06,4.785336507808335591e+05
2.960205074686967919e+01,6.373078478381924331e+06,2.961868237803530544e-04,1.439734717350634412e+02,1.392532464806909047e+02,8.890503024482786714e+04,1.356825523726524552e+06,5.649341186811835505e+05
4.483082393017687650e+01,6.375860831432017498e+06,7.475881692685388408e-04,2.218211225204640868e+02,2.417118578252489272e+02,8.319759397074930894e+04,1.310130723000252387e+06,6.674836650542288553e+05
6.289564594057753766e+01,6.380746745493669994e+06,1.626978896468405213e-03,3.201474963604279651e+02,3.843026120790049731e+02,7.643527742148195102e+04,1.246793893533981172e+06,7.712731643329110229e+05
8.359182144235259670e+01,6.388594035323063843e+06,3.206172675368505233e-03,4.404451146635821033e+02,6.006592539178975585e+02,6.869644487069072784e+04,1.156580568530931138e+06,9.059518048954179976e+05
1.066848484095045535e+02,6.400591553466746584e+06,5.916287682111180148e-03,6.060484045858768241e+02,9.129972728185371125e+02,6.005646270209811337e+04,1.094759808159034699e+06,9.673934196139556589e+05
1.319130705567445148e+02,6.418695526574658230e+06,1.033908070712589479e-02,8.387704247419861758e+02,1.352094419425391607e+03,5.075757233496078697e+04,1.014236039549555746e+06,1.006213097980107646e+06
1.589906403532195611e+02,6.445675552030890249e+06,1.719845090851866015e-02,1.170155586462763040e+03,1.918024921560807343e+03,4.118413254695976502e+04,9.432467859159307554e+05,9.150262977597012650e+05
1.876107571003597059e+02,6.484854299504673108e+06,2.704111898109214443e-02,1.555248973266498979e+03,2.510462343350985975e+03,3.293254579501306580e+04,6.478394197015780956e+05,6.101025894751276355e+05
2.174491427876430976e+02,6.534623380539474078e+06,3.951858397163218045e-02,1.720600679444733487e+03,2.873368148176943578e+03,2.852011844972658218e+04,2.126629445270223951e+05,1.941356931199639803e+05
2.481677161306711241e+02,6.585649130499234423e+06,5.318539050287082043e-02,1.564322003270287269e+03,2.930098455687027126e+03,2.769818966728197483e+04,5.263253908797253189e+02,1.786791228314994896e+03
2.794184230780700204e+02,6.630584992307079025e+06,6.698129393448436220e-02,1.312812993330934205e+03,2.905875947965028899e+03,2.780324397880758625e+04,4.836774414514435705e+01,7.305144693380466947e+01
3.108471803482889868e+02,6.668060029568805359e+06,8.067871882441536580e-02,1.072155310998811274e+03,2.890850062034027360e+03,2.783121776891154877e+04,1.079109004401428606e+01,-1.286771917905615759e+01
3.420978872956878831e+02,6.697796913392796181e+06,9.416357884102660725e-02,8.313353718601363198e+02,2.877650850187248125e+03,2.790599635812791166e+04,6.764798214160573764e+01,4.178458748164952397e+01
3.728164606387159097e+02,6.719753314262053929e+06,1.073165421819188836e-01,5.983408186398221460e+02,2.868332901420840699e+03,2.793924136809007905e+04,3.059334691715395849e+00,-1.247140890166470939e+01
4.026548463259993014e+02,6.734224689817997627e+06,1.200239707538094669e-01,3.717626257165216543e+02,2.862297034173970133e+03,2.799100394168784624e+04,3.921293343734874703e+00,1.603913149529304008e+02
4.312749630731394745e+02,6.741777435412287712e+06,1.321734271808291949e-01,1.560368210775470743e+02,2.859151186327796040e+03,2.803554452734114966e+04,-6.557862699073318424e+01,1.428483602946308224e+02
4.583525328696144925e+02,6.743232512171248905e+06,1.436534882562203463e-01,-4.858525591180906389e+01,2.858760620605186432e+03,2.808725582916296480e+04,2.889099888204280120e+01,2.756985326363903965e+01
4.835807550168544822e+02,6.739611122059429996e+06,1.543532586490448111e-01,-2.386033404356844869e+02,2.860178506185041442e+03,2.813057018291788700e+04,-2.487352526248389495e+01,1.146471934973268105e+02
5.066737819840063821e+02,6.732084167153005488e+06,1.641641554961488503e-01,-4.133919026244178099e+02,2.863641622992679459e+03,2.817561350510485863e+04,4.306965171664277392e+01,8.966449815228859421e+00
5.273699574857814696e+02,6.721910725553852506e+06,1.729801425186597297e-01,-5.698832123305550112e+02,2.867766812697320347e+03,2.820993314672840643e+04,-6.765902132728564311e+01,9.175387163059139084e+01
5.454347794961821592e+02,6.710374920029720291e+06,1.807004411064190574e-01,-7.074048616311062005e+02,2.873016640606754663e+03,2.823950496125464633e+04,1.386274261203293179e+02,5.011177994700752691e+01
5.606635526794893849e+02,6.698722080297728069e+06,1.872313715117882582e-01,-8.231003854633984247e+02,2.877670915018280994e+03,2.826096198817658660e+04,6.441653905004032765e+01,-2.153726989581333555e+02
5.728836924209331301e+02,6.688091615099959075e+06,1.924895075399687405e-01,-9.169026620141855801e+02,2.882646503602191387e+03,2.827883884309533460e+04,-3.481780984552404448e+02,8.060952191226211880e+02
5.819566125410769928e+02,6.679458760288123041e+06,1.964050164448566949e-01,-9.861179271302601137e+02,2.886148577934717196e+03,2.828933108146561426e+04,6.514210485308826719e+02,-7.653643832916062593e+02
5.877787975694805027e+02,6.673587033381435089e+06,1.989230516061832044e-01,-1.031039768302529410e+03,2.888991804851042616e+03,2.829971684230537358e+04,9.167243115660078274e+02,1.847167754918468063e+03
5.902656034263590072e+02,6.671000000000000000e+06,2.000000000000000111e-01,-1.049338034940076341e+03,2.889792822031421565e+03,2.829445861725660870e+04,2.301861509489900709e+04,-1.327773574868998912e+04
